       1       42
       2       68
       3       35
       4        1
       5       70
       6       25
       7       79
       8       59
       9       63
      10       65
      11        6
      12       46
      13       82
      14       28
      15       62
      16       92
      17       96
      18       43
      19       28
      20       37
      21       92
      22        5
      23        3
      24       54
      25       93
      26       83
      27       22
      28       17
      29       19
      30       96
      31       48
      32       27
      33       72
      34       39
      35       70
      36       13
      37       68
      38      100
      39       36
      40       95
      41        4
      42       12
      43       23
      44       34
      45       74
      46       65
      47       42
      48       12
      49       54
      50       69
      51       48
      52       45
      53       63
      54       58
      55       38
      56       60
      57       24
      58       42
      59       30
      60       79
      61       17
      62       36
      63       91
      64       43
      65       89
      66        7
      67       41
      68       43
      69       65
      70       49
      71       47
      72        6
      73       91
      74       30
      75       71
      76       51
      77        7
      78        2
      79       94
      80       49
      81       30
      82       24
      83       85
      84       55
      85       57
      86       41
      87       67
      88       77
      89       32
      90        9
      91       45
      92       40
      93       27
      94       24
      95       38
      96       39
      97       19
      98       83
      99       30
     100       42
     101       34
     102       16
     103       40
     104       59
     105        5
     106       31
     107       78
     108        7
     109       74
     110       87
     111       22
     112       46
     113       25
     114       73
     115       71
     116       30
     117       78
     118       74
     119       98
     120       13
     121       87
     122       91
     123       62
     124       37
     125       56
     126       68
     127       56
     128       75
     129       32
     130       53
     131       51
     132       51
     133       42
     134       25
     135       67
     136       31
     137        8
     138       92
     139        8
     140       38
     141       58
     142       88
     143       54
     144       84
     145       46
     146       10
     147       10
     148       59
     149       22
     150       89
     151       23
     152       47
     153        7
     154       31
     155       14
     156       69
     157        1
     158       92
     159       63
     160       56
     161       11
     162       60
     163       25
     164       38
     165       49
     166       84
     167       96
     168       42
     169        3
     170       51
     171       92
     172       37
     173       75
     174       21
     175       97
     176       22
     177       49
     178      100
     179       69
     180       85
     181       82
     182       35
     183       54
     184      100
     185       19
     186       39
     187        1
     188       89
     189       28
     190       68
     191       29
     192       94
     193       49
     194       84
     195        8
     196       22
     197       11
     198       18
     199       14
     200       15
     201       10
     202       17
     203       36
     204       52
     205        1
     206       50
     207       20
     208       57
     209       99
     210        4
     211       25
     212        9
     213       45
     214       10
     215       90
     216        3
     217       96
     218       86
     219       94
     220       44
     221       24
     222       88
     223       15
     224        4
     225       49
     226        1
     227       59
     228       19
     229       81
     230       97
     231       99
     232       82
     233       90
     234       99
     235       10
     236       58
     237       73
     238       23
     239       39
     240       93
     241       39
     242       80
     243       91
     244       58
     245       59
     246       92
     247       16
     248       89
     249       57
     250       12
     251        3
     252       35
     253       73
     254       56
     255       29
     256       47
     257       63
     258       87
     259       76
     260       34
     261       70
     262       43
     263       45
     264       17
     265       82
     266       99
     267       23
     268       52
     269       22
     270      100
     271       58
     272       77
     273       93
     274       90
     275       76
     276       13
     277        1
     278       11
     279        4
     280       70
     281       62
     282       89
     283        2
     284       90
     285       56
     286       24
     287        3
     288       86
     289       83
     290       86
     291       89
     292       27
     293       18
     294       58
     295       33
     296       33
     297       70
     298       55
     299       22
     300       90
     301       77
     302       30
     303       69
     304       93
     305       26
     306       56
     307       35
     308       50
     309       42
     310       13
     311       46
     312       61
     313       19
     314       54
     315       40
     316       24
     317       80
     318       97
     319       88
     320       30
     321       50
     322       38
     323       67
     324       50
     325       94
     326       96
     327       98
     328       17
     329       87
     330        6
     331       89
     332       83
     333       56
     334       35
     335       15
     336        2
     337       17
     338       72
     339       87
     340       64
     341       14
     342       56
     343       86
     344       54
     345       13
     346        9
     347       33
     348       46
     349       14
     350       57
     351       22
     352       59
     353       47
     354       83
     355       82
     356       45
     357       97
     358       23
     359       30
     360       62
     361       36
     362       51
     363       74
     364       67
     365       45
     366       60
     367       93
     368       40
     369       54
     370       25
     371       55
     372       11
     373       46
     374       50
     375       87
     376       14
     377       75
     378       23
     379       69
     380       19
     381       88
     382        6
     383       59
     384       92
     385        3
     386       26
     387       78
     388       15
     389       15
     390       25
     391       35
     392       75
     393       73
     394       60
     395       34
     396       71
     397       88
     398       98
     399       19
     400       78
     401       74
     402       71
     403       64
     404       69
     405       93
     406       86
     407        3
     408       81
     409       14
     410       28
     411        3
     412      100
     413       28
     414       26
     415       44
     416       25
     417       24
     418       73
     419       62
     420       82
     421        4
     422       33
     423        6
     424       94
     425       26
     426       32
     427       93
     428       43
     429       23
     430       87
     431       65
     432        1
     433       88
     434       61
     435       14
     436       75
     437       71
     438       71
     439       36
     440       34
     441       12
     442       61
     443       97
     444       68
     445       86
     446       51
     447       41
     448       95
     449       96
     450       25
     451       20
     452       26
     453       77
     454       95
     455       59
     456        3
     457       72
     458       67
     459       79
     460       94
     461       52
     462       85
     463       19
     464       65
     465       20
     466       53
     467        1
     468       88
     469       61
     470       27
     471       11
     472       58
     473       71
     474       16
     475       77
     476       28
     477       44
     478       59
     479       65
     480       10
     481       83
     482       87
     483       66
     484       88
     485       78
     486       75
     487       26
     488       28
     489       30
     490       29
     491       24
     492       21
     493        3
     494       63
     495       24
     496       97
     497       38
     498       62
     499       96
     500       26
     501       65
     502       61
     503        3
     504       17
     505       31
     506       27
     507       12
     508       72
     509       12
     510       48
     511       54
     512       21
     513       91
     514       25
     515       89
     516       64
     517       41
     518       52
     519       63
     520       30
     521        1
     522       14
     523       59
     524       79
     525       66
     526        8
     527       78
     528        1
     529       59
     530       40
     531        4
     532       61
     533       58
     534       25
     535       78
     536        9
     537       14
     538       88
     539        2
     540       51
     541       61
     542       29
     543       94
     544       85
     545        6
     546       41
     547       12
     548        5
     549       36
     550       57
     551       73
     552       51
     553       24
     554       86
     555       57
     556       17
     557       27
     558       58
     559       27
     560       58
     561       38
     562       72
     563       70
     564       62
     565       97
     566       23
     567       18
     568       13
     569       18
     570       97
     571       86
     572       42
     573       24
     574       30
     575       30
     576       66
     577       60
     578       33
     579       97
     580       56
     581       54
     582       63
     583       85
     584       35
     585       55
     586       73
     587       58
     588       70
     589       33
     590       64
     591        8
     592       84
     593       12
     594       36
     595       68
     596       49
     597       76
     598       39
     599       24
     600       43
     601       55
     602       12
     603       42
     604       76
     605       60
     606       26
     607       22
     608       71
     609       27
     610       35
     611        6
     612       84
     613       51
     614       99
     615       80
     616        2
     617       94
     618       35
     619       38
     620       35
     621       57
     622       94
     623       77
     624        6
     625       63
     626       49
     627       82
     628        1
     629       14
     630       42
     631       56
     632       56
     633       43
     634       63
     635       12
     636       78
     637       25
     638       79
     639       53
     640       44
     641       97
     642       74
     643       41
     644       14
     645       76
     646       73
     647       19
     648       11
     649       18
     650       33
     651       13
     652       96
     653       70
     654       32
     655       41
     656       89
     657       86
     658       91
     659       98
     660       90
     661       91
     662       46
     663       54
     664       15
     665       52
     666       41
     667       45
     668       59
     669       36
     670       60
     671       93
     672        6
     673       65
     674       82
     675        4
     676       30
     677       76
     678        9
     679       93
     680       98
     681       50
     682       57
     683       62
     684       28
     685       68
     686       42
     687       30
     688       41
     689       14
     690       75
     691        2
     692       78
     693       16
     694       84
     695       14
     696       93
     697       25
     698        2
     699       93
     700       60
     701       71
     702       29
     703       28
     704       85
     705       76
     706       87
     707       99
     708       71
     709       88
     710       48
     711        5
     712        4
     713       22
     714       64
     715        7
     716       64
     717       11
     718       72
     719       90
     720       41
     721       65
     722       43
     723       20
     724       14
     725       92
     726        5
     727       19
     728       33
     729       51
     730        6
     731       76
     732       40
     733        4
     734       23
     735       99
     736       48
     737       85
     738       49
     739       72
     740       65
     741       14
     742       76
     743       46
     744       13
     745       47
     746       79
     747       70
     748       63
     749       20
     750       86
     751       90
     752       45
     753       66
     754       41
     755       46
     756        9
     757       19
     758       71
     759        2
     760       24
     761       33
     762       73
     763       53
     764       88
     765       71
     766       64
     767        2
     768        4
     769       24
     770       28
     771        1
     772       70
     773       16
     774       66
     775       29
     776       44
     777       48
     778       89
     779       44
     780       38
     781       10
     782       64
     783       50
     784       82
     785       89
     786       43
     787        9
     788       61
     789       22
     790       59
     791       55
     792       89
     793       47
     794       91
     795       50
     796       44
     797       31
     798       21
     799       49
     800       68
     801       37
     802       84
     803       36
     804       27
     805       86
     806       39
     807       54
     808       30
     809       25
     810       49
     811       24
     812       60
     813       58
     814       67
     815       45
     816       56
     817       19
     818       27
     819       12
     820       26
     821       56
     822        2
     823       50
     824       97
     825       85
     826       16
     827       65
     828       43
     829       76
     830       14
     831       43
     832       97
     833       49
     834       73
     835       27
     836        7
     837       74
     838       30
     839        5
     840        6
     841       27
     842       13
     843       76
     844       94
     845       66
     846       37
     847       37
     848       42
     849       15
     850       95
     851       57
     852       53
     853       37
     854       39
     855       83
     856       56
     857       16
     858       32
     859       31
     860       42
     861       26
     862       12
     863       38
     864       87
     865       91
     866       51
     867       63
     868       35
     869       94
     870       54
     871       17
     872       53
     873        9
     874       63
     875       34
     876       55
     877        4
     878       35
     879        4
     880       57
     881       49
     882       25
     883       18
     884       14
     885       10
     886       29
     887        1
     888       81
     889       19
     890       59
     891       51
     892       56
     893       62
     894       65
     895        4
     896       77
     897       44
     898       10
     899        3
     900       62
     901       90
     902       49
     903       83
     904       54
     905       75
     906       21
     907        3
     908       24
     909       32
     910       70
     911       79
     912       60
     913        9
     914       20
     915       72
     916        4
     917       46
     918       82
     919        5
     920       93
     921       86
     922       14
     923       99
     924       90
     925       23
     926       39
     927       38
     928       11
     929       62
     930       35
     931        9
     932       62
     933       60
     934       94
     935       16
     936       70
     937       38
     938       70
     939       59
     940        1
     941       72
     942       65
     943       18
     944       16
     945       56
     946       16
     947       31
     948       40
     949       13
     950       89
     951       83
     952       55
     953       86
     954       11
     955       85
     956       75
     957       81
     958       16
     959       52
     960       42
     961       16
     962       80
     963       11
     964       99
     965       74
     966       89
     967       78
     968       33
     969       57
     970       90
     971       14
     972        9
     973       42
     974       91
     975       24
     976       64
     977       29
     978       85
     979       79
     980        1
     981       72
     982       86
     983       75
     984       72
     985       34
     986       68
     987       54
     988       96
     989       69
     990       26
     991       77
     992       30
     993       51
     994       99
     995       10
     996       94
     997       87
     998       81
     999       17
    1000       50
